"C>A,A-A" "C>A,A-C" "C>A,A-G" "C>A,A-T" "C>A,C-A" "C>A,C-C" "C>A,C-G" "C>A,C-T" "C>A,G-A" "C>A,G-C" "C>A,G-G" "C>A,G-T" "C>A,T-A" "C>A,T-C" "C>A,T-G" "C>A,T-T" "C>G,A-A" "C>G,A-C" "C>G,A-G" "C>G,A-T" "C>G,C-A" "C>G,C-C" "C>G,C-G" "C>G,C-T" "C>G,G-A" "C>G,G-C" "C>G,G-G" "C>G,G-T" "C>G,T-A" "C>G,T-C" "C>G,T-G" "C>G,T-T" "C>T,A-A" "C>T,A-C" "C>T,A-G" "C>T,A-T" "C>T,C-A" "C>T,C-C" "C>T,C-G" "C>T,C-T" "C>T,G-A" "C>T,G-C" "C>T,G-G" "C>T,G-T" "C>T,T-A" "C>T,T-C" "C>T,T-G" "C>T,T-T" "T>A,A-A" "T>A,A-C" "T>A,A-G" "T>A,A-T" "T>A,C-A" "T>A,C-C" "T>A,C-G" "T>A,C-T" "T>A,G-A" "T>A,G-C" "T>A,G-G" "T>A,G-T" "T>A,T-A" "T>A,T-C" "T>A,T-G" "T>A,T-T" "T>C,A-A" "T>C,A-C" "T>C,A-G" "T>C,A-T" "T>C,C-A" "T>C,C-C" "T>C,C-G" "T>C,C-T" "T>C,G-A" "T>C,G-C" "T>C,G-G" "T>C,G-T" "T>C,T-A" "T>C,T-C" "T>C,T-G" "T>C,T-T" "T>G,A-A" "T>G,A-C" "T>G,A-G" "T>G,A-T" "T>G,C-A" "T>G,C-C" "T>G,C-G" "T>G,C-T" "T>G,G-A" "T>G,G-C" "T>G,G-G" "T>G,G-T" "T>G,T-A" "T>G,T-C" "T>G,T-G" "T>G,T-T"
"Patient_3" 37 37 4 21 22 16 4 21 41 19 3 26 37 21 3 54 19 8 3 21 2 9 2 14 10 9 0 9 14 21 1 21 61 39 79 57 65 50 46 81 38 52 58 45 57 58 36 65 21 12 12 22 8 5 15 16 9 7 5 8 31 8 10 17 53 31 35 55 31 25 31 53 20 29 32 31 40 33 26 43 31 6 8 20 17 13 16 61 7 6 10 24 38 11 14 42
"Patient_4" 32 34 8 31 31 12 3 34 51 16 1 40 38 23 5 84 31 13 1 11 5 10 0 7 10 16 1 5 13 8 0 16 81 69 89 81 85 67 44 83 48 51 58 59 90 93 43 111 13 13 13 30 10 12 15 40 7 10 11 19 31 6 19 29 58 38 42 46 42 44 47 135 52 33 27 56 40 40 24 67 25 9 11 41 22 21 25 185 10 7 9 59 57 18 17 106
"Patient_23" 76 52 9 51 49 24 12 39 59 32 6 45 75 64 7 83 37 16 0 30 11 17 5 26 8 8 1 23 13 27 0 28 100 60 127 73 94 76 81 64 59 55 102 67 108 98 54 114 35 12 20 39 27 14 14 29 8 5 10 13 41 10 14 33 95 30 46 95 49 66 53 101 56 37 41 50 60 53 42 91 52 16 13 52 30 21 31 125 11 9 14 52 78 11 18 76
"Patient_14" 73 48 6 42 33 22 4 25 39 18 2 44 57 33 2 64 33 13 2 17 9 12 2 7 10 10 0 11 14 26 3 17 84 41 87 39 64 49 67 62 45 51 76 48 80 70 51 68 28 9 13 27 8 9 11 15 7 8 8 6 33 13 12 13 53 24 36 51 34 28 22 77 29 28 21 35 31 32 27 56 32 11 10 30 14 10 17 100 9 10 14 41 38 10 15 52
"Patient_13" 79 27 8 41 31 16 8 16 40 16 6 30 56 55 6 62 25 11 3 24 4 14 1 15 10 3 1 18 16 27 2 28 85 48 113 45 75 68 60 82 56 62 94 70 79 75 37 86 29 14 24 27 16 14 14 23 8 7 7 11 25 7 17 23 77 17 39 70 38 55 42 128 34 34 35 45 48 52 33 61 29 12 13 56 36 21 24 159 13 8 14 53 54 9 15 110
"Patient_58" 65 52 9 49 37 23 4 38 44 28 5 42 51 51 8 99 32 19 3 45 16 18 1 25 12 15 1 25 30 25 4 39 125 70 139 68 97 99 77 87 64 63 92 69 102 117 55 120 54 23 22 63 30 18 23 34 17 12 15 13 52 11 22 45 97 47 64 117 71 68 68 143 55 46 42 78 88 58 38 109 52 16 13 45 42 28 27 201 19 12 20 93 76 20 34 134
"Patient_53" 32 16 2 16 20 16 2 11 16 12 6 11 13 23 3 26 5 7 4 14 4 12 0 15 7 8 0 10 15 18 1 29 47 32 85 40 49 54 42 57 45 41 62 44 43 53 38 56 10 5 12 12 5 8 9 14 3 8 7 8 13 8 1 10 38 13 33 36 17 27 11 22 20 16 13 26 21 15 8 21 5 5 1 4 4 8 4 9 3 2 3 4 6 3 9 13
"Patient_80" 29 24 3 17 18 11 1 13 14 4 2 9 13 17 1 15 13 3 2 9 5 10 2 8 1 4 2 7 7 9 2 11 60 56 104 36 52 46 55 66 44 45 48 57 56 46 25 62 8 10 10 4 6 2 6 7 3 7 4 6 6 4 6 6 31 17 13 29 15 10 12 8 13 15 11 20 8 8 4 11 4 1 6 3 2 3 4 9 4 0 10 3 2 1 3 6
"Patient_83" 75 20 11 34 29 13 3 18 29 17 4 25 33 38 3 66 18 9 3 9 13 14 0 12 4 6 0 6 13 23 0 19 66 38 61 38 62 38 42 67 31 34 44 52 48 53 33 60 20 9 15 20 13 8 12 7 8 5 3 13 23 6 13 11 47 21 16 44 23 29 36 38 19 10 20 32 26 18 16 46 23 4 5 13 21 9 9 33 0 4 2 8 29 6 6 35
"Patient_55" 52 36 7 30 18 13 0 17 25 16 0 17 31 31 3 45 6 9 0 14 11 16 0 5 2 8 0 15 7 7 0 16 75 54 68 44 61 70 61 92 54 62 50 58 56 50 41 69 12 7 9 22 5 5 6 6 4 10 5 3 17 6 6 9 32 19 24 39 26 13 30 17 14 14 20 20 19 19 15 35 15 3 11 5 9 8 8 26 1 3 3 5 17 10 7 25
"Patient_9" 60 42 6 33 26 15 2 31 36 15 2 28 26 34 2 59 27 5 2 13 8 7 0 12 7 7 0 13 10 30 2 21 75 33 78 39 37 37 63 47 28 50 55 34 48 51 38 74 17 12 16 22 2 16 6 31 9 9 6 12 12 6 9 21 54 22 26 40 40 53 33 131 32 38 20 36 38 51 21 58 29 8 5 52 18 12 16 188 5 7 13 47 41 15 13 84
"Patient_8" 68 45 7 40 23 17 8 22 29 25 6 16 61 39 7 59 34 13 2 22 12 12 2 15 9 13 4 19 16 40 2 21 78 39 68 63 67 51 42 94 47 61 62 59 67 57 28 84 26 15 14 21 19 9 7 10 7 6 3 10 26 9 17 17 44 19 33 47 36 30 32 65 21 22 20 44 42 39 23 60 42 11 13 32 30 16 35 109 14 10 13 38 70 10 12 69
"Patient_59" 41 21 4 30 22 8 3 14 17 9 4 8 18 28 2 30 18 1 0 10 10 10 2 9 3 3 0 7 11 27 1 12 52 23 31 21 26 38 22 59 17 37 28 43 34 33 16 46 7 7 5 12 2 6 5 4 1 1 0 5 7 2 4 8 25 8 20 31 11 15 17 14 14 11 11 11 16 11 10 22 9 3 3 7 3 5 6 20 1 0 4 6 8 3 6 5
"Patient_72" 34 22 2 30 17 7 1 9 16 14 0 7 21 23 1 34 13 4 0 11 4 10 2 6 5 5 2 6 8 34 2 7 44 22 33 33 46 45 25 53 38 31 24 44 43 44 21 56 3 8 5 9 5 6 7 7 1 1 6 6 6 4 8 4 24 11 17 20 7 13 17 18 12 11 6 16 14 7 11 20 2 1 4 9 5 1 9 23 1 6 6 12 7 3 4 18
"Patient_32" 30 13 4 15 14 13 1 15 16 13 1 9 10 15 2 14 9 6 0 9 6 13 0 6 4 7 1 10 12 8 0 11 60 31 91 43 48 48 46 70 37 40 48 40 39 59 39 43 7 17 11 7 2 7 8 12 5 1 4 3 7 2 6 12 38 11 31 28 21 17 17 17 16 8 11 19 13 14 12 16 4 2 6 4 2 5 2 12 3 0 4 5 1 3 4 5
"Patient_75" 40 38 3 23 27 13 1 13 22 16 4 17 25 25 1 43 19 11 6 19 8 9 3 8 6 8 1 10 10 10 1 24 72 46 70 49 67 41 41 87 48 55 47 62 54 74 40 80 11 15 6 23 10 6 11 12 10 4 7 4 34 8 15 20 53 22 42 53 33 29 32 59 28 31 30 39 49 33 21 74 46 16 9 26 33 11 36 116 6 11 12 48 70 11 5 79
"Patient_70" 64 33 10 18 23 10 0 15 41 18 5 21 50 48 4 61 21 8 1 11 2 10 2 8 4 5 0 6 11 37 0 11 42 29 44 40 53 30 23 48 34 32 34 28 46 39 18 44 10 8 9 6 2 6 5 8 4 2 2 7 11 6 4 10 34 11 30 30 14 8 20 22 17 10 8 14 9 21 5 12 18 5 4 10 8 8 7 21 6 4 2 12 29 4 5 22
"Patient_29" 41 18 2 19 6 9 2 12 16 13 5 11 29 26 2 41 12 5 1 7 5 5 0 3 2 1 3 4 5 18 0 3 44 32 43 32 28 30 17 60 26 18 23 45 66 38 18 54 2 4 3 3 3 1 4 4 1 3 4 1 1 0 2 2 13 6 9 13 7 4 9 4 2 3 0 7 3 1 3 12 1 1 2 2 2 1 3 3 2 0 0 0 3 3 1 6
"Patient_21" 58 30 3 23 25 12 1 15 42 18 5 18 44 29 10 53 21 4 7 19 11 8 2 13 9 4 1 5 8 22 2 24 62 38 75 57 52 49 47 57 36 44 49 58 60 50 33 67 9 9 9 14 1 11 8 14 3 5 3 5 10 10 4 8 37 14 31 33 27 28 18 38 27 11 17 29 25 17 20 20 8 3 7 18 10 6 4 50 5 1 5 23 16 7 7 37
"Patient_81" 39 32 5 28 13 16 1 12 26 22 4 11 36 27 1 30 20 9 1 9 4 13 1 9 6 5 1 5 12 33 3 13 66 40 74 46 57 49 59 51 37 35 47 39 43 52 50 52 10 6 11 6 4 7 9 18 6 4 6 10 11 5 5 10 34 14 25 32 20 21 22 25 11 16 14 25 23 12 10 21 2 4 5 13 5 5 6 33 1 0 3 16 5 4 4 29
"Patient_71" 34 18 5 13 21 14 0 19 32 12 0 23 29 25 4 45 19 5 3 15 5 6 0 7 5 9 1 5 16 8 0 23 56 44 86 49 63 63 42 82 39 58 48 49 69 65 44 79 15 8 24 24 12 9 11 13 6 5 2 10 22 5 14 21 42 29 27 44 26 25 30 45 32 13 23 38 30 22 16 48 28 7 13 17 17 7 10 59 10 6 6 17 35 12 16 43
"Patient_67" 43 19 4 31 20 14 1 11 17 15 1 13 20 25 2 26 12 5 3 3 6 9 0 7 3 2 0 3 5 14 0 12 37 27 34 33 27 26 30 50 25 31 19 26 34 41 19 45 3 4 8 9 3 4 7 1 3 2 2 5 9 4 3 9 22 7 16 17 5 4 14 12 17 5 10 12 9 13 5 11 7 1 6 6 4 3 7 12 3 1 2 4 12 6 2 10
"Patient_47" 54 27 8 27 41 19 3 33 39 23 2 31 52 31 4 93 24 13 2 20 5 5 3 20 6 11 0 20 9 11 1 24 75 50 132 83 100 73 66 106 52 52 76 74 96 78 56 91 28 16 16 30 4 9 12 36 7 8 10 14 33 10 15 28 61 32 34 84 44 71 64 166 48 70 44 66 54 62 30 81 40 10 19 73 30 34 32 304 18 20 9 105 61 14 17 139
"Patient_7" 74 32 8 32 26 9 7 18 35 21 9 23 46 44 2 63 25 11 3 17 7 3 2 8 4 5 0 11 3 21 2 8 53 35 53 34 54 48 32 41 43 40 39 53 52 43 25 37 14 6 10 17 3 5 7 11 2 4 3 5 16 4 12 10 37 12 20 23 16 23 20 45 22 21 14 22 19 25 24 40 20 4 7 14 6 2 2 51 3 2 6 16 21 6 10 31
"Patient_5" 62 44 6 33 31 24 3 37 39 20 4 32 58 45 5 82 16 9 1 20 8 16 0 13 10 13 2 11 14 32 1 28 63 30 99 62 75 55 70 68 62 51 72 61 61 62 44 79 19 10 21 37 10 13 17 32 6 6 12 11 35 10 24 28 91 38 33 50 49 56 54 108 42 31 29 59 41 65 25 83 34 7 2 50 27 17 27 132 11 15 8 58 63 13 19 106
"Patient_96" 7 5 1 4 9 5 1 7 8 3 0 2 5 1 0 5 4 1 1 3 1 2 1 3 4 2 0 0 1 5 0 8 22 20 33 14 21 13 19 22 8 15 17 20 7 7 7 15 3 7 5 5 6 4 0 0 3 2 3 5 4 2 0 7 12 7 12 15 3 6 6 5 9 3 4 8 7 4 1 10 5 1 3 0 0 1 2 0 0 0 2 6 2 0 3 2
"Patient_43" 51 24 6 24 19 6 1 13 16 9 2 16 26 40 5 42 15 4 2 10 8 10 0 7 2 4 1 10 11 24 0 11 54 35 37 38 43 32 25 45 37 42 38 32 51 48 21 46 5 10 8 10 4 2 6 6 1 3 3 3 7 3 4 8 25 14 11 10 9 15 16 29 22 22 9 18 19 14 11 18 5 3 3 5 4 6 9 38 4 2 3 13 9 3 4 28
"Patient_52" 29 16 8 10 16 8 1 14 9 10 4 17 15 14 1 17 12 3 2 14 9 11 3 12 6 6 0 8 12 16 1 19 58 34 82 54 49 40 38 65 34 32 46 34 45 53 41 53 6 7 11 12 8 5 8 10 2 5 11 9 5 5 5 16 31 14 25 22 11 23 15 25 16 13 11 29 15 12 12 14 9 0 10 11 5 4 6 26 2 2 4 9 7 2 6 23
"Patient_73" 62 44 4 38 31 19 5 30 34 30 2 16 44 41 6 66 21 12 1 34 6 10 0 17 8 10 2 20 18 36 0 35 81 63 113 75 81 64 78 93 63 52 86 79 60 64 45 90 24 11 17 35 6 27 21 43 18 10 9 19 25 8 11 30 71 38 47 66 34 98 58 233 42 62 25 59 56 68 28 91 25 7 11 69 26 27 19 366 15 12 12 132 34 19 12 138
"Patient_86" 34 18 6 13 11 10 2 12 8 7 0 5 19 21 1 20 15 2 5 12 8 14 3 15 6 7 0 5 9 12 2 18 54 33 60 31 51 31 27 44 36 31 33 34 33 53 16 56 11 9 8 6 3 6 7 8 3 5 6 9 7 0 5 9 31 8 21 26 4 5 10 15 22 7 12 19 7 8 9 16 7 3 4 5 3 5 3 3 2 1 5 4 4 4 3 6
"Patient_6" 44 21 3 16 12 14 3 17 22 16 1 14 28 21 5 37 11 6 2 9 4 6 2 3 3 3 0 11 9 8 1 7 47 43 52 46 48 32 40 53 52 49 50 41 53 43 26 65 17 5 9 20 3 5 9 10 5 7 3 4 20 3 6 20 30 14 13 34 15 20 24 21 20 18 14 14 17 23 10 38 14 5 7 14 15 5 12 38 9 1 6 10 32 8 10 33
"Patient_82" 24 20 2 20 12 3 1 14 8 10 3 9 7 8 4 21 8 6 3 8 6 8 5 3 3 4 1 6 2 5 0 12 43 18 100 26 29 31 41 45 23 35 42 35 35 30 26 56 2 4 8 6 4 5 4 6 4 3 4 3 1 3 5 7 23 9 20 20 15 16 15 19 13 12 19 12 11 5 10 10 1 1 3 4 0 3 2 12 2 1 3 7 8 2 2 13
"Patient_18" 49 26 2 21 25 9 1 24 35 15 2 26 37 23 3 32 34 6 3 25 8 6 1 14 8 10 4 10 10 15 4 23 77 50 99 57 65 62 54 90 62 70 76 56 65 76 39 68 21 12 12 19 9 11 15 10 5 7 11 4 23 9 8 21 72 32 36 55 31 29 40 55 34 32 24 36 29 40 25 72 43 8 11 31 19 20 31 114 13 9 11 61 60 15 20 82
"Patient_16" 18 16 1 16 12 9 4 13 14 12 1 12 17 14 2 24 15 5 0 15 5 9 0 6 5 8 0 5 7 11 0 11 38 34 59 26 42 39 37 58 23 32 33 52 32 35 26 38 10 11 10 20 4 4 7 8 4 5 4 3 17 3 3 8 40 15 20 31 9 12 18 22 24 17 14 20 20 23 6 32 14 2 5 13 12 7 9 31 5 4 9 25 14 10 5 26
"Patient_33" 42 30 10 35 32 25 6 24 27 17 5 15 24 31 2 26 20 8 1 18 11 12 4 13 9 12 2 14 13 14 4 32 69 42 69 56 58 41 33 49 40 45 41 43 36 50 29 53 13 12 15 13 8 8 11 22 3 5 6 10 14 9 9 16 49 21 30 43 20 32 17 24 23 20 28 24 27 20 11 31 9 2 8 5 4 4 2 15 1 1 8 3 15 2 5 16
"Patient_22" 17 12 1 13 7 1 4 4 5 3 0 1 8 9 1 9 1 2 0 4 3 3 3 9 2 4 0 3 7 4 0 7 52 27 45 36 46 42 17 48 24 32 29 51 31 52 22 51 0 9 3 4 2 2 3 2 1 7 2 3 2 1 4 2 13 5 14 19 3 2 7 5 9 3 5 4 5 1 4 11 0 2 2 5 1 1 1 4 4 1 1 0 2 0 7 5
"Patient_38" 26 16 5 20 20 16 4 19 33 15 2 25 27 33 5 39 11 6 3 13 11 9 2 5 7 5 2 6 7 10 2 17 46 40 65 45 32 43 45 63 50 45 51 52 50 40 22 50 2 10 7 18 9 7 3 13 0 6 4 4 3 7 4 16 29 15 33 23 15 26 25 33 14 7 16 24 22 8 11 29 6 4 6 9 5 9 6 43 4 1 4 16 13 6 8 29
"Patient_15" 33 25 1 11 28 10 3 14 28 7 2 15 17 23 2 29 14 5 0 8 10 6 1 7 4 9 0 7 10 3 0 12 50 39 67 39 55 47 39 74 37 39 50 46 50 59 30 65 18 8 5 11 7 7 3 5 3 6 8 5 11 4 8 15 48 22 29 33 32 20 15 53 23 14 16 28 22 21 19 30 24 3 7 16 16 5 13 59 7 8 8 23 28 7 3 43
"Patient_65" 23 6 2 8 6 4 1 6 11 4 0 5 9 5 1 5 11 5 0 4 2 4 1 4 3 3 0 2 0 2 0 4 51 43 26 38 40 39 27 50 24 30 26 28 42 35 12 34 3 4 4 2 1 1 5 4 1 2 3 4 1 0 1 4 9 2 11 22 10 7 11 6 7 4 3 7 6 2 10 5 1 0 4 3 1 0 0 3 1 0 1 1 0 1 1 6
"Patient_74" 31 22 5 19 22 14 2 12 21 9 1 20 23 24 2 29 11 7 3 10 6 6 1 13 10 3 2 1 8 9 0 16 66 41 81 56 62 48 57 68 36 46 58 40 43 58 32 63 9 10 7 11 8 8 4 6 4 1 6 8 5 7 2 11 33 11 22 26 16 8 13 17 13 12 9 24 21 15 13 14 3 4 6 7 4 1 7 19 0 2 4 3 7 3 4 15
"Patient_62" 43 30 3 24 15 9 3 18 20 16 5 17 40 26 3 48 17 9 1 18 10 6 0 9 5 9 1 9 12 13 3 16 57 36 85 47 53 35 49 57 42 36 42 38 57 45 30 71 16 9 10 14 14 7 8 16 3 2 7 8 25 5 15 14 42 23 32 48 14 36 16 47 18 19 28 27 33 25 21 40 22 4 7 18 20 6 13 67 7 3 3 32 41 11 11 53
"Patient_1" 37 28 2 22 26 19 2 23 32 18 2 26 52 27 4 55 19 7 4 15 5 17 0 9 6 10 3 13 14 14 0 29 74 55 90 75 62 66 70 62 64 54 50 77 68 76 55 97 31 19 22 36 8 9 16 15 14 5 7 8 33 11 21 23 67 30 56 62 38 46 35 55 42 26 28 61 55 34 36 73 50 13 14 24 46 9 18 73 7 7 6 28 90 12 23 89
"Patient_68" 32 13 6 23 15 7 3 12 14 8 1 14 21 21 2 25 13 9 2 10 13 7 1 14 6 4 1 8 2 14 1 8 59 30 102 48 41 41 46 48 35 41 56 48 29 45 32 49 11 11 10 5 8 8 8 8 5 2 5 4 5 6 3 12 33 13 20 39 10 17 9 18 15 15 16 12 15 13 10 25 3 1 5 4 5 4 12 14 1 0 0 6 4 3 7 8
"Patient_66" 71 39 10 31 29 16 3 24 38 21 8 33 66 50 11 84 31 10 4 21 11 20 1 8 8 9 1 13 14 29 2 20 80 44 109 50 62 65 61 80 50 60 77 61 51 71 47 63 20 15 16 23 10 22 11 25 13 10 4 19 29 4 5 23 57 30 35 57 29 51 50 86 32 27 23 40 52 39 33 57 27 7 4 38 11 18 34 167 5 5 6 62 29 16 12 86
"Patient_50" 77 40 6 42 47 29 7 35 53 29 5 46 52 39 7 85 41 12 4 28 11 15 1 17 7 9 1 19 24 30 1 28 86 70 132 65 102 89 86 74 65 79 95 72 95 81 56 101 27 15 16 41 10 18 15 29 11 15 14 23 25 14 12 32 68 32 46 81 44 76 57 145 30 41 43 41 48 52 45 73 19 10 9 57 18 30 27 242 12 11 10 92 41 8 18 106
"Patient_76" 62 35 7 36 25 15 0 17 26 23 2 15 41 44 3 62 21 12 4 17 5 7 3 9 7 9 1 4 13 18 1 16 53 45 58 39 37 36 35 59 29 40 43 42 41 36 17 53 13 12 5 14 2 11 7 13 3 7 12 5 14 3 5 21 31 21 27 43 22 28 23 46 25 20 21 17 26 15 16 40 24 0 8 16 15 5 7 38 4 4 4 25 29 4 8 30
"Patient_118" 14 4 1 5 16 11 2 12 16 9 4 9 9 14 1 19 12 8 1 11 4 5 2 3 3 4 1 5 3 3 1 9 25 15 61 16 27 21 36 40 13 16 32 23 17 14 29 35 13 5 8 12 5 4 5 7 3 5 0 7 6 6 1 3 24 14 16 28 14 19 13 42 11 13 19 16 20 19 6 33 8 3 5 13 10 11 7 49 3 3 4 21 8 7 4 38
"Patient_54" 42 22 8 17 15 11 0 15 14 11 2 9 21 29 2 28 12 2 3 7 6 5 0 4 1 1 0 5 3 10 0 12 35 20 51 31 27 32 23 38 23 25 31 31 17 29 22 30 3 9 6 7 1 5 4 4 2 1 2 2 5 2 4 3 19 3 10 16 9 11 15 6 5 4 11 9 9 9 5 10 1 0 3 2 1 5 3 5 0 0 1 4 0 1 4 4
"Patient_56" 34 17 2 20 18 8 1 15 27 13 3 13 23 31 6 36 14 5 0 17 4 8 0 9 2 6 2 6 10 23 1 9 45 31 43 38 44 24 28 54 34 25 34 51 55 36 24 51 16 7 4 15 4 9 6 5 2 4 3 5 13 2 8 13 29 12 18 31 21 19 11 33 19 13 12 16 21 12 11 15 16 5 7 8 12 4 4 18 6 3 1 14 12 5 11 19
"Patient_37" 21 17 2 15 8 7 1 9 12 9 0 4 12 14 0 32 7 0 2 7 1 10 1 2 6 2 1 8 7 19 0 7 37 22 36 24 26 26 9 26 20 20 30 20 26 38 13 33 5 1 5 7 0 6 5 3 5 4 1 1 2 2 3 6 17 7 16 15 6 7 12 13 11 7 7 2 9 9 3 14 7 1 5 1 8 1 7 21 0 2 2 2 7 5 3 5
"Patient_121" 21 8 2 14 20 5 6 17 25 9 3 14 26 10 2 25 14 9 2 14 6 12 0 9 5 8 3 8 11 2 2 16 33 26 45 35 20 23 41 37 25 19 44 30 33 28 29 34 17 5 7 19 12 4 11 7 9 8 6 5 20 6 10 10 42 14 19 50 15 18 26 33 16 23 18 33 28 30 12 23 16 5 5 10 19 7 9 38 5 6 9 19 30 7 13 40
"Patient_24" 32 13 2 11 9 6 2 6 8 6 1 9 14 11 0 8 9 2 1 9 5 1 0 4 3 1 1 1 2 5 0 3 55 31 31 36 43 31 20 54 30 42 25 48 16 31 14 55 1 5 1 0 0 2 3 2 1 2 1 1 1 1 3 4 14 7 7 13 6 4 5 11 7 4 4 3 4 5 2 14 1 0 3 0 1 1 2 1 0 1 1 0 2 1 1 2
"Patient_64" 42 22 2 27 7 4 3 8 13 13 1 5 28 27 1 34 17 5 1 10 6 4 1 3 4 0 0 4 6 16 1 6 31 16 14 18 29 21 17 27 38 20 21 17 30 29 12 36 2 5 3 4 4 2 3 11 0 2 3 5 10 4 5 9 6 1 6 6 8 22 12 50 7 8 9 8 6 16 5 22 4 3 1 24 5 11 6 74 2 4 3 20 2 3 3 27
"Patient_34" 52 12 5 17 14 13 1 17 25 14 3 13 32 11 3 48 14 14 1 6 8 16 0 8 4 8 0 10 7 29 2 13 50 33 53 44 42 44 37 76 30 39 27 45 39 50 19 56 11 13 8 16 9 8 6 2 5 2 4 4 15 3 15 11 31 17 25 40 17 16 22 26 16 17 11 27 17 18 15 25 27 3 13 12 12 6 6 32 7 4 2 11 45 4 9 22
"Patient_12" 44 27 5 20 18 16 1 21 37 22 4 21 45 35 1 46 22 6 3 16 13 13 3 9 2 8 2 7 14 21 2 24 64 38 80 53 67 55 44 56 21 38 60 45 52 52 28 68 10 14 11 15 5 5 8 12 6 8 9 10 9 7 4 8 36 17 38 40 20 22 22 36 17 16 18 27 26 27 22 27 10 4 5 12 5 4 5 37 6 2 4 16 13 7 8 24
"Patient_26" 29 13 2 20 14 6 3 17 33 13 5 12 27 20 3 27 13 7 1 12 9 6 0 3 3 10 1 11 9 9 1 17 60 45 73 43 53 53 42 64 46 38 58 43 39 64 41 72 15 8 10 23 8 6 10 10 10 6 5 3 14 8 7 10 33 19 24 36 22 24 25 40 30 12 17 25 24 27 12 32 9 1 6 16 6 5 11 50 7 2 6 16 12 5 10 42
"Patient_36" 32 17 6 23 20 8 3 4 8 10 5 10 22 22 6 29 9 6 1 8 8 10 0 6 3 5 3 7 5 21 0 15 48 26 65 39 41 29 33 54 29 30 32 31 33 30 14 43 10 8 9 7 4 4 5 7 3 5 4 4 2 6 2 6 23 8 19 16 9 12 10 10 8 4 11 13 9 12 8 10 2 1 5 12 0 3 5 11 1 1 3 5 3 2 2 8
"Patient_61" 35 14 4 21 18 15 3 9 28 15 2 15 33 24 4 35 20 7 5 7 7 7 0 6 5 7 0 5 11 12 2 17 44 34 76 34 49 49 41 78 45 41 46 45 48 46 35 66 13 8 13 23 4 5 10 10 5 8 8 7 13 9 8 14 39 28 43 50 25 21 23 43 23 17 28 26 28 25 19 40 19 7 4 19 18 5 6 53 3 5 6 16 34 6 11 43
"Patient_85" 66 25 6 35 16 11 2 11 21 9 2 23 37 31 5 25 18 7 2 10 11 8 3 9 7 9 0 6 4 24 0 11 52 25 46 37 35 49 30 53 33 39 33 45 45 42 20 42 7 5 8 13 9 4 5 6 1 2 6 7 14 3 13 8 31 11 29 35 15 16 19 17 14 17 14 14 19 11 12 24 21 6 1 13 8 2 5 29 6 3 5 11 25 5 6 27
"Patient_11" 54 23 4 34 21 9 1 16 15 12 7 10 36 38 4 40 17 4 0 12 1 12 2 8 1 2 0 5 5 17 0 5 38 28 42 32 38 38 28 49 43 36 24 48 30 57 21 49 9 6 3 10 4 5 6 7 4 1 3 6 7 4 7 6 23 4 11 10 11 19 15 40 13 12 10 16 18 13 8 24 10 2 6 12 3 3 9 43 4 1 2 22 12 3 1 34
"Patient_17" 18 18 2 10 16 3 1 4 9 6 2 4 8 6 1 7 15 6 0 4 4 5 1 7 6 4 0 2 7 1 1 5 46 36 50 35 45 47 22 76 48 53 19 55 27 40 20 53 2 4 1 2 0 3 5 2 4 2 3 2 1 2 4 1 17 3 8 18 2 13 10 5 6 5 4 7 7 5 6 6 1 1 2 2 1 1 0 1 1 0 2 1 2 2 0 1
"Patient_31" 33 16 3 8 7 5 0 8 8 9 0 5 11 15 2 14 4 2 0 5 5 5 0 2 2 0 0 2 3 2 0 8 59 51 29 50 42 30 17 65 48 39 18 46 43 55 14 56 6 4 2 4 1 3 2 2 3 3 1 1 3 1 3 2 7 3 8 12 2 5 8 10 4 0 7 6 6 6 6 3 1 0 1 1 0 2 3 0 0 0 1 0 0 0 1 0
"Patient_131" 36 30 4 25 45 23 8 39 60 28 4 45 47 28 9 83 17 17 0 35 11 9 3 16 15 13 5 17 17 13 2 23 78 28 99 49 64 49 64 57 55 31 101 57 70 57 67 96 36 26 16 49 13 20 13 28 13 10 5 17 36 14 13 41 75 30 45 59 34 45 47 97 38 23 38 60 58 56 34 79 49 9 13 48 34 14 25 144 18 9 9 53 47 10 24 94
"Patient_27" 45 22 4 22 22 8 0 13 14 7 1 6 28 24 8 36 14 5 1 5 5 3 1 9 0 3 1 6 8 13 1 7 30 17 33 28 31 22 27 36 29 34 24 23 24 37 16 39 9 8 5 10 5 5 1 6 5 1 3 4 10 4 5 9 28 11 11 23 10 11 15 12 10 4 7 10 15 8 10 17 15 1 6 9 13 1 9 13 1 0 5 5 19 6 3 19
"Patient_51" 40 35 5 22 24 18 1 21 29 16 1 18 33 43 8 38 10 8 4 20 6 11 2 7 9 4 1 6 9 23 0 13 52 28 55 46 64 48 47 64 43 37 32 53 35 55 35 61 6 14 10 20 9 4 6 5 7 5 5 9 12 3 7 10 34 19 17 39 16 15 14 41 18 14 14 18 23 23 16 36 21 5 2 14 12 6 11 37 6 4 4 13 36 10 7 27
"Patient_45" 23 15 1 12 8 4 0 8 16 5 0 8 14 17 2 27 9 6 3 12 2 3 0 4 4 2 0 5 5 6 0 10 41 16 40 29 50 35 20 41 27 29 24 28 30 38 24 49 5 5 7 12 1 6 2 10 5 2 3 5 7 4 6 7 29 13 22 25 14 24 16 53 16 14 12 23 18 23 16 24 17 7 2 18 9 16 10 76 2 6 5 24 12 4 4 37
"Patient_127" 9 6 0 7 8 2 1 4 6 3 0 5 2 1 1 2 6 3 0 4 3 7 0 7 2 2 0 2 1 2 1 2 18 10 28 14 19 12 9 18 2 14 23 15 8 17 16 14 3 8 7 11 6 0 4 5 2 0 0 3 4 1 3 9 13 13 12 21 7 9 7 8 4 5 4 5 11 5 7 9 14 1 3 1 4 2 2 6 3 3 2 9 19 2 4 9
"Patient_19" 55 26 6 24 23 8 2 21 24 9 4 12 38 31 2 35 23 9 1 16 8 10 2 8 3 2 1 7 11 24 1 16 63 28 66 44 68 47 42 64 32 40 38 52 51 56 28 76 15 8 7 18 5 3 9 9 6 2 4 7 13 3 8 7 57 7 32 40 14 12 20 34 27 16 19 27 27 37 13 23 19 6 2 17 19 6 12 37 9 7 4 28 36 6 8 35
"Patient_57" 59 34 9 28 22 10 4 19 24 22 3 26 39 47 1 54 40 10 3 26 10 16 1 10 9 9 0 19 13 40 3 25 71 43 81 44 71 57 45 63 48 47 65 47 62 47 42 72 25 19 9 29 9 11 16 18 4 8 7 9 28 6 9 17 50 18 38 49 27 26 27 40 40 27 34 23 25 30 16 49 32 7 6 16 26 8 11 48 8 5 5 13 34 9 13 48
"Patient_35" 62 35 5 29 28 11 5 23 42 24 6 28 47 25 1 65 24 10 6 13 10 9 2 16 5 8 1 16 14 22 3 30 81 39 89 58 69 54 61 91 51 59 77 66 72 82 49 82 18 9 13 24 9 4 7 10 10 8 7 7 17 4 6 26 62 18 40 46 19 35 31 54 31 22 24 25 30 29 16 48 24 6 15 31 20 10 12 55 4 3 9 25 30 5 13 47
"Patient_20" 54 32 5 38 26 12 2 14 29 22 3 20 35 30 4 61 23 8 2 13 8 10 0 9 8 3 0 7 13 23 2 13 72 37 77 46 42 26 45 69 38 41 36 40 53 55 32 48 15 10 12 12 6 7 7 12 5 5 4 3 11 6 6 11 37 20 22 24 21 17 13 29 33 13 13 27 26 23 13 35 11 3 6 15 11 6 12 54 11 1 8 17 27 6 13 33
"Patient_69" 50 18 8 16 12 5 0 13 20 5 4 15 28 31 3 33 24 8 1 9 3 15 1 10 4 1 2 4 10 26 2 9 51 27 55 30 39 57 31 57 28 30 23 41 45 51 20 37 5 5 4 7 4 3 3 9 1 1 3 3 3 2 3 7 18 8 17 19 15 9 4 10 6 8 4 11 11 6 6 12 4 0 4 3 2 3 3 18 1 1 5 7 3 1 4 8
"Patient_119" 12 11 1 6 19 7 1 7 17 7 2 10 15 9 1 21 12 6 1 14 2 4 0 5 5 5 1 1 7 5 3 9 34 14 55 19 30 17 29 34 19 26 30 31 28 31 28 31 5 9 7 16 9 5 7 10 7 7 5 8 7 6 4 15 27 9 29 25 17 24 8 19 23 13 15 29 14 16 13 21 10 4 7 4 4 5 7 33 3 3 7 8 8 4 6 18
"Patient_41" 13 6 2 4 6 0 1 6 9 2 2 2 11 6 0 5 3 1 1 3 3 2 0 3 4 3 1 3 4 2 0 6 23 15 27 20 23 15 15 36 18 17 12 20 28 18 14 19 1 3 6 4 2 3 1 2 3 3 2 0 2 2 0 4 6 7 10 5 7 5 4 17 8 6 4 10 5 3 5 15 3 2 5 6 4 1 4 18 4 0 1 14 11 0 1 8
"Patient_46" 49 15 7 21 21 12 2 18 14 15 2 16 38 23 4 39 6 6 1 7 7 10 0 5 3 3 0 5 6 28 1 9 40 24 51 35 51 32 27 48 40 30 36 39 38 45 21 49 8 8 7 11 2 6 6 11 3 5 5 9 15 4 6 12 28 9 16 25 13 24 30 74 24 15 10 24 13 19 17 22 8 5 1 33 13 12 11 113 2 3 6 42 18 1 4 58
"Patient_130" 9 5 1 5 8 5 0 5 10 3 0 11 5 3 0 8 6 4 1 7 2 0 0 0 1 2 1 3 4 3 0 3 27 14 40 13 12 16 13 22 5 11 25 15 16 16 16 15 5 8 10 11 0 4 1 10 3 5 2 5 8 6 4 8 20 5 9 14 6 6 7 9 8 7 6 16 8 10 4 14 5 1 3 8 3 2 8 19 4 2 3 7 9 3 4 14
"Patient_97" 0 1 0 0 0 0 1 0 0 0 0 0 0 0 0 0 0 0 0 0 0 0 0 0 0 0 0 0 0 0 0 0 0 0 0 0 1 0 0 0 0 0 0 0 0 0 0 0 0 0 0 0 0 0 0 0 0 0 0 0 0 0 0 0 0 0 0 0 0 0 2 0 0 1 0 0 0 0 0 0 0 0 0 0 0 0 0 1 0 0 1 0 0 0 0 0
"Patient_49" 38 19 2 9 2 1 0 4 15 9 2 10 25 22 0 22 14 1 1 3 1 3 0 0 1 2 0 4 3 6 0 2 17 15 13 19 19 15 8 32 11 23 10 20 22 18 5 25 0 2 0 0 1 1 4 3 0 0 3 3 0 1 2 2 4 0 2 2 2 4 5 13 2 2 2 5 2 2 2 8 0 1 1 5 1 2 0 10 0 3 0 5 2 0 0 6
"Patient_40" 46 15 3 11 12 11 1 24 22 10 3 14 25 21 3 32 13 6 3 6 4 12 0 9 5 4 0 7 4 8 1 11 54 37 78 52 62 56 34 73 55 47 45 53 40 55 35 76 13 4 10 18 5 6 2 9 4 3 4 4 9 4 8 8 33 13 34 34 13 18 17 32 18 11 20 28 18 20 20 25 15 1 8 12 2 2 5 44 3 6 2 13 10 2 4 32
"Patient_77" 17 17 2 13 11 2 0 5 13 11 0 5 8 8 2 8 10 4 1 11 4 4 1 4 5 6 1 6 6 6 4 6 57 34 54 58 62 51 17 57 39 37 37 50 42 40 34 60 5 8 5 3 1 0 6 6 0 0 1 1 2 3 1 9 28 5 18 18 9 10 7 8 7 7 7 8 10 3 6 11 2 0 0 3 1 1 5 3 3 1 1 1 2 1 1 2
"Patient_28" 50 23 6 24 21 12 2 17 22 12 4 17 34 22 5 35 11 8 2 11 7 6 0 12 2 7 0 6 4 8 0 21 72 42 78 62 56 71 47 82 49 50 46 61 60 71 33 85 8 6 6 14 7 12 6 16 7 2 2 2 21 11 10 11 30 11 28 36 22 15 19 33 21 18 19 31 26 20 11 33 17 4 6 15 8 5 13 43 6 2 6 25 22 9 5 28
"Patient_10" 32 25 2 20 11 8 3 19 27 14 3 19 26 19 3 41 15 7 3 12 6 9 0 7 7 5 0 13 4 20 0 18 53 35 52 42 64 46 41 68 44 43 32 28 64 45 31 78 17 6 2 14 7 3 6 15 3 6 4 6 13 4 6 11 31 15 19 27 18 26 16 66 24 17 11 19 19 22 13 39 19 3 7 29 20 11 10 141 8 7 4 48 38 7 7 84
"Patient_39" 40 20 3 31 20 16 3 16 32 18 3 19 29 27 0 42 20 8 2 21 5 8 3 12 5 6 1 7 16 23 1 18 55 36 69 40 55 53 25 72 35 34 43 50 52 46 33 65 11 12 5 11 6 7 7 9 5 1 2 12 13 5 7 4 33 18 31 46 15 12 18 20 18 11 21 16 17 18 15 19 14 6 8 8 11 9 9 33 4 4 3 16 24 10 7 20
"Patient_44" 34 16 3 14 23 7 3 18 34 10 1 21 24 19 4 38 15 12 3 12 5 10 1 6 5 7 1 13 10 16 2 13 53 43 58 48 57 43 44 48 46 42 44 54 61 56 28 65 10 8 9 22 3 7 8 5 8 10 7 6 13 6 11 13 29 18 19 28 24 17 21 30 28 13 11 17 20 20 15 26 13 4 7 14 6 3 11 31 3 4 5 5 18 9 8 16
"Patient_60" 60 26 7 41 10 6 2 11 28 10 2 17 31 32 5 35 23 6 3 12 4 10 0 6 6 3 0 7 9 25 1 10 44 30 56 50 52 40 33 74 38 36 30 48 30 27 23 71 3 8 5 5 2 6 17 6 3 2 2 2 3 3 0 8 34 4 23 15 6 8 17 10 9 6 4 7 17 7 7 11 1 0 2 3 1 0 3 7 1 2 5 7 4 0 5 8
"Patient_2" 34 11 1 18 11 7 2 9 11 7 2 8 19 16 2 22 17 8 1 9 8 10 1 8 2 8 1 4 5 12 0 12 47 23 75 35 22 37 34 55 27 35 30 22 37 30 22 40 5 6 7 2 5 7 4 11 5 1 5 3 4 5 4 9 27 12 20 19 8 9 7 6 9 12 11 13 10 10 6 11 1 1 3 6 0 2 7 8 2 0 3 3 4 0 2 5
"Patient_79" 27 17 7 7 14 8 3 7 9 16 3 6 16 17 0 12 6 11 3 10 3 8 1 10 3 7 0 9 3 11 0 15 60 22 31 27 41 34 29 41 28 22 15 27 40 31 14 33 3 5 7 3 4 6 8 5 4 5 0 7 2 1 3 12 32 4 16 27 8 7 9 6 11 5 10 15 9 6 6 12 4 0 2 3 3 1 2 4 2 1 2 1 5 4 2 10
"Patient_63" 35 24 3 20 7 10 0 12 13 11 2 10 33 18 3 37 13 4 0 10 4 1 0 4 0 3 0 5 9 17 1 6 47 23 23 22 49 25 14 53 12 20 12 20 37 27 13 41 4 3 2 9 4 3 3 3 1 1 3 6 6 2 1 7 10 11 7 7 8 9 3 21 9 5 8 4 2 17 4 17 5 0 1 11 2 5 6 32 4 0 2 6 6 5 2 10
"Patient_92" 5 2 0 6 8 8 0 10 11 3 1 8 14 4 1 11 8 6 2 9 6 3 1 0 1 4 0 2 3 2 1 7 11 16 51 17 16 13 24 23 15 21 23 22 9 11 17 12 9 9 4 11 2 6 2 6 5 3 0 7 10 6 2 7 20 8 8 22 8 13 9 26 8 7 9 12 10 17 5 23 17 2 2 11 10 2 4 37 2 2 1 14 17 5 3 33
"Patient_78" 48 17 3 23 10 8 1 13 21 15 2 14 27 30 6 29 10 5 0 6 2 9 1 8 6 5 1 2 4 20 2 10 46 39 40 51 40 36 22 59 33 40 19 33 35 44 20 52 4 5 4 2 4 8 5 6 1 1 1 0 1 2 2 1 16 9 10 18 5 8 6 1 6 5 5 8 5 2 5 10 1 1 3 0 1 1 3 1 0 0 2 0 2 0 1 2
"Patient_30" 28 19 4 15 14 7 1 10 5 9 1 4 17 8 3 15 5 5 2 8 7 10 0 2 3 3 1 3 1 5 1 4 49 45 36 47 43 48 17 56 30 40 24 47 45 48 13 40 2 5 2 1 1 5 3 3 0 1 0 1 0 0 2 2 19 8 23 13 4 8 12 5 5 4 3 4 11 5 4 6 3 1 1 1 0 2 2 2 1 0 2 2 1 2 1 1
"Patient_42" 40 19 5 17 7 4 0 16 20 9 3 7 22 23 0 39 7 6 1 2 3 5 1 4 10 6 2 5 3 6 0 6 47 36 34 41 50 46 27 50 33 47 34 45 46 45 13 51 8 3 2 7 4 3 3 11 1 1 1 4 7 6 3 5 22 8 14 10 10 14 19 30 13 9 3 15 15 11 8 16 7 2 5 7 8 4 8 40 0 4 2 18 9 1 7 19
"Patient_84" 26 11 1 4 17 3 0 3 5 4 1 3 6 13 3 7 9 4 2 6 1 4 0 4 5 3 1 2 4 7 0 9 38 25 31 29 32 33 25 50 34 29 26 23 21 42 15 29 3 5 4 2 2 6 3 1 0 0 2 4 1 2 0 0 14 4 15 15 2 4 8 6 3 2 6 6 6 5 4 14 1 2 2 1 0 1 4 2 0 0 3 0 0 2 2 0
"Patient_88" 0 0 0 0 0 0 0 0 0 0 0 0 0 0 0 0 0 0 0 0 0 0 0 0 0 0 0 0 0 0 0 0 0 0 0 0 0 0 0 0 0 0 0 0 0 0 0 0 0 0 0 1 0 0 0 0 0 0 0 0 0 0 0 0 1 0 0 0 0 0 0 0 0 1 0 0 0 0 0 0 0 0 0 0 0 0 0 0 0 0 0 0 0 0 0 0
"Patient_91" 1 0 0 0 8 1 0 2 2 1 0 1 2 2 0 1 5 0 0 1 2 0 0 0 1 0 0 1 1 1 1 0 12 5 12 6 3 1 3 6 1 2 11 4 1 2 2 5 2 2 1 0 1 0 0 1 0 0 0 1 0 1 0 0 8 0 6 4 4 0 0 1 2 0 0 1 2 1 3 0 0 1 0 0 0 0 1 1 0 0 0 0 0 0 1 0
"Patient_48" 35 19 2 14 4 3 1 11 5 6 1 7 11 17 1 25 15 3 0 4 1 5 0 3 3 3 0 3 0 14 1 3 24 14 11 18 19 19 9 15 12 22 10 21 25 21 4 23 0 0 1 1 0 1 1 2 0 1 2 2 1 0 1 3 3 0 6 3 3 6 7 6 6 2 3 3 5 2 2 3 0 0 1 0 0 1 0 3 1 0 1 2 5 0 1 4
"Patient_25" 7 7 0 5 0 0 0 1 0 1 0 1 5 4 0 9 4 0 0 2 0 0 0 1 0 0 0 1 3 1 0 1 8 3 11 7 3 5 3 5 6 3 5 5 3 5 11 8 0 3 3 0 1 1 2 2 0 1 1 2 4 0 1 1 4 2 2 4 2 4 4 2 2 1 3 1 1 2 1 4 2 0 0 1 2 1 2 2 1 0 0 0 5 0 0 2
"Patient_93" 0 1 0 3 0 0 0 0 0 0 0 0 0 0 0 1 1 0 0 0 0 0 0 0 0 0 0 0 0 0 0 0 0 0 3 1 1 0 1 1 0 0 1 2 0 1 0 2 0 0 0 0 1 0 0 0 0 0 1 0 0 1 0 1 3 2 1 1 0 0 1 0 0 1 0 1 0 1 0 2 1 0 0 0 0 0 0 2 0 0 0 1 1 0 0 2
"Patient_95" 5 1 0 0 1 1 0 2 2 0 0 0 1 0 0 0 0 0 1 2 0 1 0 1 1 0 0 0 0 1 0 0 7 4 14 3 5 4 4 11 9 6 6 12 1 2 2 3 1 0 2 2 0 0 1 0 0 0 1 0 0 1 0 0 9 2 4 3 1 3 0 2 2 4 1 1 3 0 1 1 1 1 0 1 0 0 0 0 0 0 1 0 0 2 0 0
"Patient_117" 0 0 0 0 0 0 0 0 0 0 0 0 0 0 0 0 0 0 0 0 0 0 0 0 0 0 0 0 0 0 0 0 0 0 0 0 0 0 0 0 0 0 0 0 0 0 0 0 0 0 0 0 0 0 0 0 0 0 0 0 0 0 0 0 0 0 1 0 0 0 0 0 0 0 0 0 0 0 0 0 0 0 0 0 0 0 0 0 0 0 0 0 0 0 0 0
"Patient_98" 0 0 0 0 0 0 0 0 0 0 0 0 0 0 0 0 0 0 0 0 0 0 0 0 0 0 0 0 0 0 0 0 0 0 0 0 0 0 0 0 0 0 0 0 0 0 1 0 0 0 0 0 0 0 0 0 0 0 0 0 0 0 0 0 0 0 0 0 0 0 0 0 0 0 0 0 0 0 0 0 0 0 0 0 0 0 0 0 0 0 0 0 0 0 0 0
"Patient_99" 0 0 0 0 0 0 0 0 0 0 0 0 0 0 0 0 0 0 0 0 0 0 0 0 1 0 0 0 0 0 0 0 0 0 0 0 1 0 0 0 0 0 0 0 0 0 0 0 0 0 0 0 0 0 0 0 0 0 0 0 0 0 0 0 0 0 1 0 0 0 0 0 0 0 0 0 0 0 0 0 0 0 0 0 0 0 0 0 0 0 0 0 0 0 0 0
"Patient_116" 0 0 0 0 0 0 0 0 0 0 0 0 0 0 0 0 0 0 0 0 0 0 0 0 0 0 0 0 0 0 0 0 0 1 0 0 0 0 0 0 0 0 1 0 0 0 0 0 0 0 0 0 0 0 0 0 0 0 0 0 0 0 0 1 0 0 0 0 0 0 0 0 0 0 0 0 0 0 0 0 0 0 0 0 0 0 0 0 0 0 0 0 0 0 0 0
"Patient_89" 0 0 0 0 0 0 0 0 0 0 0 0 1 0 0 0 0 0 0 0 0 0 0 0 0 0 0 0 0 0 0 0 0 0 0 0 0 0 0 1 0 0 0 0 0 0 0 0 0 0 0 0 0 0 0 0 0 0 0 0 0 0 0 0 0 0 0 0 0 0 0 0 0 0 0 0 0 0 0 0 0 0 0 0 0 0 0 0 0 0 0 0 0 0 0 0
"Patient_111" 0 0 0 1 0 0 0 0 0 0 0 0 0 0 0 0 0 0 0 0 0 0 0 0 0 0 0 0 0 0 0 0 0 0 1 0 0 0 1 0 0 0 0 0 0 0 0 0 0 0 0 0 0 0 0 0 0 0 0 0 0 0 0 0 0 0 0 1 0 0 0 0 0 0 0 0 0 0 0 0 0 0 0 0 0 0 0 0 0 0 0 0 0 0 0 0
"Patient_108" 0 0 0 0 0 0 1 0 0 0 0 0 0 0 0 0 0 0 0 0 0 0 0 0 0 0 0 0 0 0 0 0 0 0 0 0 0 0 0 0 0 0 0 0 0 0 0 0 0 0 0 0 0 0 0 0 0 0 0 0 0 0 0 0 0 0 0 0 0 0 0 0 0 0 0 0 0 0 0 0 0 0 0 0 0 0 0 0 0 0 0 0 0 0 0 0
"Patient_106" 0 0 0 0 0 0 0 0 0 0 0 0 0 0 0 0 0 0 0 0 0 0 0 0 0 0 0 0 0 0 0 0 0 0 1 0 0 0 0 0 0 0 0 0 1 0 0 1 0 0 0 0 0 0 0 0 0 0 0 0 0 0 0 0 0 0 0 0 0 0 0 0 0 0 0 0 0 0 0 0 0 0 0 0 0 0 0 0 0 0 0 0 0 0 0 0
"Patient_94" 1 0 0 0 0 0 0 0 0 0 0 0 0 0 0 0 0 0 0 0 0 0 0 0 0 0 0 0 0 0 0 0 0 0 0 0 0 0 1 0 0 0 1 0 0 0 0 1 0 0 0 0 0 0 0 0 1 0 0 0 1 0 0 0 1 0 0 1 0 1 0 0 0 0 1 0 0 0 0 0 0 0 0 0 0 0 0 0 0 0 1 0 0 0 0 1
"Patient_128" 1 0 0 0 1 0 0 0 0 0 0 0 0 0 0 0 0 0 0 1 0 0 0 0 0 0 0 0 0 0 0 0 0 0 1 0 2 0 1 0 0 0 1 2 1 0 1 0 0 0 0 0 0 0 0 0 0 0 0 0 0 0 0 0 0 0 0 0 0 0 0 0 0 0 0 1 0 0 0 0 0 0 0 0 0 0 0 0 0 0 0 0 0 0 0 0
"Patient_122" 0 0 0 0 0 0 0 0 0 0 0 0 0 0 0 0 0 0 0 0 0 0 0 0 0 0 0 0 0 0 0 0 0 0 0 1 0 0 0 0 0 0 0 0 0 0 0 1 0 0 0 0 0 0 0 0 0 0 0 0 0 0 0 0 0 0 0 0 0 0 0 0 0 0 0 0 0 0 0 0 0 0 0 0 0 0 0 0 0 0 0 0 0 0 0 0
"Patient_110" 0 0 0 0 0 0 0 0 0 0 0 0 0 0 0 0 0 0 0 0 0 0 0 0 0 0 0 0 0 0 0 0 0 0 0 0 0 0 1 0 1 0 0 0 0 0 0 0 0 0 0 1 0 0 0 0 0 0 0 0 0 0 0 0 0 0 0 0 0 0 0 0 0 0 0 0 0 0 0 0 0 0 0 0 0 0 0 0 0 0 0 0 0 0 0 0
"Patient_101" 0 0 0 0 0 0 0 0 0 0 0 0 0 0 0 0 0 0 0 0 0 0 0 0 0 0 0 0 0 0 0 0 0 0 1 0 0 0 1 0 0 0 0 0 1 0 0 0 0 0 0 0 0 0 0 0 0 0 0 0 0 0 0 0 0 0 0 0 0 0 0 0 1 0 0 0 0 0 0 0 0 0 0 0 0 0 0 0 0 0 0 0 0 0 0 0
"Patient_137" 0 0 0 0 0 0 0 0 0 1 0 0 0 0 0 0 0 0 0 0 0 0 0 0 0 0 0 0 0 0 0 0 0 0 1 0 0 0 1 0 0 0 0 0 0 0 0 0 0 0 0 0 0 0 0 0 0 0 0 0 1 0 0 0 0 0 0 0 0 0 0 0 0 0 0 0 0 0 0 0 0 0 0 0 0 0 0 0 0 0 0 0 0 1 0 0
"Patient_102" 0 1 0 0 0 0 0 0 0 0 0 0 0 0 0 0 0 0 0 0 0 0 0 0 0 0 0 0 0 0 0 1 1 0 1 0 1 0 0 0 1 0 0 0 0 0 0 0 0 0 0 0 0 0 0 0 0 0 0 0 0 0 0 0 0 0 0 0 0 0 0 0 0 0 0 0 0 0 0 0 0 0 0 0 0 0 0 0 0 0 0 0 0 0 0 0
"Patient_124" 0 0 0 0 0 0 0 0 0 0 0 0 0 0 0 0 0 0 0 0 0 0 0 0 0 0 0 0 0 0 0 0 0 0 0 1 1 0 1 0 0 0 0 0 0 0 0 0 0 0 0 0 0 0 0 0 0 0 0 0 0 0 0 0 0 0 0 0 0 0 0 0 0 0 0 0 0 0 0 0 0 0 0 0 0 0 0 0 0 0 0 0 0 0 0 0
"Patient_129" 0 0 0 0 0 0 0 0 0 0 0 0 0 0 0 0 0 0 0 0 0 0 0 0 0 0 0 0 0 0 0 0 1 0 1 0 0 0 0 0 0 0 1 0 0 0 0 0 0 0 0 0 0 0 0 0 0 0 0 0 0 0 0 0 0 0 0 0 0 0 0 0 0 0 0 0 0 0 0 0 0 0 0 0 0 0 0 0 0 0 0 0 0 0 0 0
"Patient_125" 0 0 0 0 0 0 0 0 0 0 0 0 0 0 0 0 0 0 0 0 0 0 0 0 0 0 0 0 0 0 0 0 0 0 1 0 0 0 0 0 0 0 0 0 0 0 1 0 0 0 0 0 0 0 0 0 0 0 0 0 0 0 0 0 0 0 0 0 0 0 0 0 0 0 0 0 0 0 0 0 0 0 0 0 0 0 0 0 0 0 0 0 0 0 0 0
"Patient_120" 0 0 0 0 0 0 0 0 0 0 0 0 0 0 0 0 0 0 0 0 0 0 0 0 0 0 0 0 0 0 0 0 0 0 1 2 0 1 0 0 0 0 0 1 0 0 0 1 0 0 0 0 0 0 0 0 0 0 0 0 0 0 0 0 0 0 0 0 0 0 0 0 0 0 0 0 0 0 0 0 0 0 0 0 0 0 0 0 0 0 0 0 0 0 0 0
"Patient_126" 0 0 0 0 0 0 0 0 0 0 0 0 0 0 0 0 0 0 0 0 0 0 0 0 0 0 0 0 0 1 0 0 1 0 0 0 1 0 0 0 0 0 0 0 0 0 0 0 0 0 0 0 0 0 0 0 0 0 0 0 0 0 0 0 0 0 0 0 0 0 0 0 0 0 0 0 0 0 0 0 0 0 0 0 0 0 0 0 0 0 0 0 0 0 0 0
"Patient_90" 0 0 0 0 0 0 0 0 0 0 0 0 0 0 0 0 0 0 0 0 0 0 0 0 0 0 0 0 0 0 0 0 0 0 1 0 0 0 0 0 0 0 0 0 0 0 0 0 0 0 0 0 0 0 0 0 0 0 0 0 0 0 0 0 0 0 0 0 0 0 0 0 0 0 0 0 0 0 0 0 1 0 0 0 0 0 0 0 0 0 0 0 0 0 0 0
"Patient_134" 0 0 0 0 0 0 0 0 0 0 0 0 0 0 0 0 0 0 0 0 0 0 0 0 0 0 0 0 0 1 0 0 0 0 0 0 0 0 0 0 0 0 2 0 0 0 0 1 0 0 0 0 0 0 0 0 0 0 0 0 0 0 0 0 0 0 0 0 0 0 0 0 0 0 0 0 0 1 0 0 0 0 0 0 0 0 0 0 0 0 0 0 0 0 0 0
"Patient_104" 0 0 0 0 0 0 0 0 0 0 0 0 0 0 0 0 0 0 0 0 0 0 0 0 0 0 0 0 0 0 0 0 0 0 2 0 0 0 0 0 0 0 0 0 0 0 0 0 0 0 0 0 0 0 0 0 0 0 0 0 0 0 1 0 0 0 0 0 0 0 0 0 0 0 0 0 0 0 0 0 0 0 0 0 0 0 0 0 0 0 0 0 0 0 0 0
"Patient_132" 0 0 0 0 0 0 0 0 0 0 0 0 0 0 0 0 0 0 0 0 0 0 0 0 0 0 0 0 0 0 0 0 0 0 0 0 0 0 0 0 0 0 1 0 1 0 0 0 0 0 0 0 0 0 0 0 0 0 0 0 0 0 0 0 0 0 0 0 0 0 0 0 0 0 0 0 0 0 0 0 0 0 0 0 0 0 0 0 0 0 0 0 0 0 0 0
"Patient_133" 0 0 0 0 0 0 0 0 0 0 0 0 0 0 0 0 0 0 0 0 0 0 0 0 0 0 0 0 0 0 0 0 0 0 1 0 0 0 0 0 0 0 0 0 0 0 0 0 0 0 0 0 0 0 0 0 0 0 0 0 0 0 0 0 0 0 0 0 0 0 0 0 0 0 0 1 0 0 0 0 0 0 0 0 0 0 0 0 0 0 0 0 0 0 0 0
"Patient_109" 0 0 0 0 0 0 0 0 0 0 0 0 0 0 0 0 0 0 0 0 0 0 0 0 0 0 0 0 0 0 0 0 1 0 1 0 1 0 0 0 0 0 0 1 0 0 0 0 0 0 0 0 0 0 0 0 0 0 0 0 0 0 0 0 0 0 0 0 0 0 0 0 0 0 0 0 0 0 1 0 0 0 0 0 0 0 0 0 0 0 0 0 0 0 0 0
"Patient_135" 0 0 0 0 0 0 0 0 0 0 0 0 0 0 0 0 0 0 0 0 0 0 0 0 0 0 0 0 0 0 0 0 1 0 0 0 0 0 0 0 0 0 0 0 0 0 0 0 0 0 0 0 0 0 0 0 0 0 0 0 0 0 0 0 0 0 0 0 0 0 0 0 0 1 0 0 0 0 0 0 0 0 0 0 0 0 0 0 0 0 0 0 0 0 0 0
"Patient_112" 0 0 0 0 0 0 0 0 0 0 0 0 0 0 0 0 0 0 1 0 0 0 0 0 0 0 0 0 0 0 0 0 0 0 1 0 0 0 1 0 0 0 0 0 0 0 0 0 0 0 0 0 0 0 0 0 0 0 1 0 0 0 0 0 0 0 0 0 0 0 0 0 0 0 0 0 0 0 0 0 0 0 0 0 0 0 0 0 0 0 0 0 0 0 0 0
"Patient_136" 0 0 0 0 0 0 0 0 0 0 0 0 0 0 0 0 0 0 0 0 0 0 0 0 0 0 0 0 0 0 0 0 0 0 0 0 0 0 0 0 0 0 0 0 0 0 1 0 0 0 0 0 0 0 0 0 0 0 0 0 0 0 0 0 0 0 0 0 0 0 0 0 0 0 0 0 0 0 0 0 0 0 0 0 0 0 0 0 0 0 0 0 0 0 0 0
"Patient_103" 0 0 0 0 0 0 0 0 0 0 0 0 0 0 0 0 0 0 0 0 0 0 0 0 0 0 0 0 0 0 0 0 0 0 0 0 0 0 0 0 0 0 0 0 0 0 2 0 0 0 0 0 0 0 0 0 0 0 0 0 0 0 0 0 0 0 0 0 0 0 0 0 0 0 0 0 0 0 0 0 0 0 0 0 0 0 0 0 0 0 0 0 0 0 0 0
"Patient_114" 0 0 0 0 0 0 0 0 0 0 0 0 0 0 0 0 0 0 0 0 0 0 0 0 0 0 0 0 0 0 0 0 0 0 0 0 0 0 0 0 0 0 0 0 0 1 0 0 0 0 0 0 0 0 0 0 0 0 0 0 0 0 0 0 0 0 0 0 0 0 0 0 0 0 0 0 0 0 0 0 0 0 0 0 0 0 0 0 0 0 0 0 0 0 0 0
"Patient_105" 0 0 0 0 0 0 0 0 0 0 0 0 0 0 0 0 0 0 0 0 0 0 0 0 0 0 0 0 0 0 0 0 0 0 0 0 0 0 0 0 0 0 0 1 0 0 0 0 0 0 0 0 0 0 0 0 0 0 0 0 0 0 0 0 0 0 0 0 0 0 0 0 0 0 0 0 0 0 0 0 0 0 0 0 0 0 0 0 0 0 0 0 0 0 0 0
"Patient_115" 0 0 0 0 0 0 0 0 0 0 0 0 0 0 0 0 0 0 0 0 0 0 0 0 0 0 0 0 0 0 0 0 0 0 0 0 0 0 0 0 0 0 0 0 0 0 0 0 0 0 1 0 0 0 0 0 0 0 0 0 0 0 0 0 0 0 0 0 0 0 0 0 0 0 0 0 0 0 0 0 0 0 0 0 0 0 0 0 0 0 0 0 0 0 0 0
"Patient_100" 0 0 0 0 0 0 0 0 0 0 0 0 0 0 0 0 0 0 0 0 0 0 0 0 0 0 0 0 0 0 0 0 0 0 0 0 0 0 0 0 0 0 0 0 0 0 1 0 0 0 0 0 0 0 0 0 0 0 0 0 0 0 0 0 0 0 0 0 0 0 0 0 0 0 0 0 0 0 0 0 0 0 0 0 0 0 0 0 0 0 0 0 0 0 0 0
"Patient_123" 0 0 0 0 0 0 0 0 0 0 0 0 0 0 0 0 0 0 0 0 0 0 0 0 0 0 0 0 0 0 0 0 0 0 0 0 0 0 0 0 0 0 0 0 0 0 1 0 0 0 0 0 0 0 0 0 0 0 0 0 0 0 0 0 0 0 0 0 0 0 0 0 0 0 0 0 0 0 0 0 0 0 0 0 0 0 0 0 0 0 0 0 0 0 0 0
"Patient_107" 0 0 0 0 0 0 0 0 0 0 0 0 0 0 0 0 0 0 0 0 0 0 0 0 0 0 0 0 0 0 0 0 0 0 0 0 0 0 0 0 0 0 0 0 0 0 0 0 0 0 0 0 0 0 0 0 0 0 0 0 0 0 0 0 0 0 0 0 0 0 0 0 0 0 0 0 0 0 0 0 0 0 0 0 0 0 0 0 0 0 0 0 0 0 0 1
"Patient_113" 0 0 0 0 0 0 0 0 0 0 0 0 0 0 0 0 0 0 0 0 0 0 0 0 0 0 0 0 0 0 0 0 0 0 0 0 0 0 0 0 1 0 0 0 0 0 0 0 0 0 0 0 0 0 0 0 0 0 0 0 0 0 0 0 0 0 0 0 0 0 0 0 0 0 0 0 0 0 0 0 0 0 0 0 0 0 0 0 0 0 0 0 0 0 0 0
